(1)(2)(3)(4); 
(1)(2)(3)(4); (1)(2)(34); 
(1)(2)(3)(4); (1)(23)(4); 
(1)(2)(3)(4); (1)(24)(3); 
(1)(2)(3)(4); (12)(3)(4); 
(1)(2)(3)(4); (12)(34); 
(1)(2)(3)(4); (13)(2)(4); 
(1)(2)(3)(4); (13)(24); 
(1)(2)(3)(4); (14)(2)(3); 
(1)(2)(3)(4); (14)(23); 
(1)(2)(3)(4); (1)(243); (1)(234); 
(1)(2)(3)(4); (132)(4); (123)(4); 
(1)(2)(3)(4); (142)(3); (124)(3); 
(1)(2)(3)(4); (143)(2); (134)(2); 
(1)(2)(3)(4); (1)(2)(34); (12)(3)(4); (12)(34); 
(1)(2)(3)(4); (1)(23)(4); (14)(2)(3); (14)(23); 
(1)(2)(3)(4); (1)(24)(3); (13)(2)(4); (13)(24); 
(1)(2)(3)(4); (12)(34); (13)(24); (14)(23); 
(1)(2)(3)(4); (12)(34); (1423); (1324); 
(1)(2)(3)(4); (1432); (13)(24); (1234); 
(1)(2)(3)(4); (1342); (1243); (14)(23); 
(1)(2)(3)(4); (1)(2)(34); (1)(23)(4); (1)(243); (1)(234); (1)(24)(3); 
(1)(2)(3)(4); (1)(2)(34); (13)(2)(4); (143)(2); (134)(2); (14)(2)(3); 
(1)(2)(3)(4); (1)(23)(4); (12)(3)(4); (132)(4); (123)(4); (13)(2)(4); 
(1)(2)(3)(4); (1)(24)(3); (12)(3)(4); (142)(3); (124)(3); (14)(2)(3); 
(1)(2)(3)(4); (1)(2)(34); (12)(3)(4); (12)(34); (13)(24); (1423); (1324); (14)(23); 
(1)(2)(3)(4); (1)(23)(4); (12)(34); (1342); (1243); (13)(24); (14)(2)(3); (14)(23); 
(1)(2)(3)(4); (1)(24)(3); (12)(34); (1432); (13)(2)(4); (13)(24); (1234); (14)(23); 
(1)(2)(3)(4); (1)(243); (1)(234); (12)(34); (132)(4); (142)(3); (123)(4); (143)(2); (13)(24); (124)(3); (134)(2); (14)(23); 
(1)(2)(3)(4); (1)(2)(34); (1)(23)(4); (1)(243); (1)(234); (1)(24)(3); (12)(3)(4); (12)(34); (132)(4); (1432); (1342); (142)(3); (123)(4); (1243); (13)(2)(4); (143)(2); (13)(24); (1423); (1234); (124)(3); (134)(2); (14)(2)(3); (1324); (14)(23); 
